Vertex Count: 780

Data:

37.7511 -45.1627 -138.029 0.7787 0.6053 0.1929 0.9119 -0.3622
33.3705 -55.9115 -128.495 0.7601 0.6266 0.2271 0.8801 -0.417
58.271 -39.8018 -89.3534 0.6837 0.5947 0.444 0.8602 -0.2509
38.7552 -49.9418 -142.248 0.7869 0.6148 -0.1933 -0.8967 0.3981
60.3482 -20.0503 -103.641 0.7116 0.5556 -0.3879 -0.8801 0.2739
61.7278 -39.8018 -89.8034 0.6846 0.5947 -0.4872 -0.8259 0.2836
58.271 -39.8018 -89.3534 0.6837 0.5947 0.3549 -0.0462 0.9338
33.3705 -55.9115 -128.495 0.7601 0.6266 0.3549 -0.0462 0.9338
61.7278 -39.8018 -89.8034 0.6846 0.5947 0.3549 -0.0462 0.9338
55.5119 -0.2989 -117.027 0.7377 0.5165 -0.7075 0.0921 -0.7007
58.9686 -0.2988 -117.478 0.7386 0.5165 -0.7075 0.0921 -0.7007
38.0538 -35.8219 -149.934 0.8019 0.5868 -0.7075 0.0921 -0.7007
67.0987 8.4548 -58.9706 0.8125 0.8019 0.9953 0.0019 -0.0966
64.8125 61.2219 -75.1088 0.844 0.6975 0.9563 0.0019 -0.2924
63.4811 61.2219 -75.1114 0.844 0.6975 0.9563 0.0019 -0.2924
56.8915 -20.0503 -103.19 0.8988 0.8583 0.1709 0.9851 -0.0208
65.7673 8.4548 -58.9732 0.8125 0.8019 0.1709 0.9851 -0.0208
63.4811 61.2219 -75.1114 0.844 0.6975 0.1709 0.9851 -0.0208
61.7278 -39.8018 -89.8034 0.8726 0.8974 -0.1718 0.0161 0.985
66.3507 -44.3123 -64.2507 0.8228 0.9063 -0.1718 0.0161 0.985
65.0193 -44.3123 -64.2533 0.8228 0.9063 -0.1718 0.0161 0.985
67.0987 8.4548 -58.9706 0.8125 0.8019 -0.1566 -0.9876 0.0099
66.3507 -44.3123 -64.2507 0.8228 0.9063 -0.1566 -0.9876 0.0099
61.7278 -39.8018 -89.8034 0.8726 0.8974 -0.1566 -0.9876 0.0099
55.5119 -0.2989 -117.027 0.9258 0.8192 -0.8186 0.0765 -0.5693
63.4811 61.2219 -75.1114 0.844 0.6975 -0.8186 0.0765 -0.5693
64.8125 61.2219 -75.1088 0.844 0.6975 -0.8186 0.0765 -0.5693
38.0538 -35.8219 -149.934 0.8019 0.5868 0.196 0.9397 -0.2803
37.7511 -45.1627 -138.029 0.7787 0.6053 0.1929 0.9119 -0.3622
56.8915 -20.0503 -103.19 0.7107 0.5556 0.3772 0.8932 -0.2448
58.9686 -0.2988 -117.478 0.7386 0.5165 -0.3704 -0.9079 0.1961
60.3482 -20.0503 -103.641 0.7116 0.5556 -0.3879 -0.8801 0.2739
38.7552 -49.9418 -142.248 0.7869 0.6148 -0.1933 -0.8967 0.3981
66.3507 -44.3123 -64.2507 0.8228 0.9063 0.995 0.0019 0.0995
67.0987 8.4548 -58.9706 0.8125 0.8019 0.9953 0.0019 -0.0966
65.7673 8.4548 -58.9732 0.8125 0.8019 0.995 0.0019 -0.1001
58.271 -39.8018 -89.3534 0.8718 0.8974 0.2143 0.9766 -0.0168
65.0193 -44.3123 -64.2533 0.8228 0.9063 0.2143 0.9766 -0.0168
65.7673 8.4548 -58.9732 0.8125 0.8019 0.2143 0.9766 -0.0168
64.8125 61.2219 -75.1088 0.844 0.6975 -0.1367 -0.9906 0.0064
67.0987 8.4548 -58.9706 0.8125 0.8019 -0.1367 -0.9906 0.0064
60.3482 -20.0503 -103.641 0.8996 0.8583 -0.1367 -0.9906 0.0064
-58.271 -39.8018 -89.3534 0.6837 0.5947 0.4388 -0.8639 -0.2471
-33.7927 -55.8708 -128.497 0.7601 0.6265 0.2155 -0.8829 -0.4171
-38.3224 -45.1627 -138.029 0.7787 0.6053 0.1893 -0.9152 -0.3558
-61.7278 -39.8018 -89.8034 0.6846 0.5947 -0.4827 0.8298 0.2802
-60.3482 -20.0503 -103.641 0.7116 0.5556 -0.3835 0.8832 0.2699
-39.3264 -49.9418 -142.248 0.7869 0.6148 -0.1901 0.9016 0.3885
-58.271 -39.8018 -89.3534 0.6837 0.5947 0.3545 0.0462 0.9339
-61.7278 -39.8018 -89.8034 0.6846 0.5947 0.3545 0.0462 0.9339
-33.7927 -55.8708 -128.497 0.7601 0.6265 0.3545 0.0462 0.9339
-55.5119 -0.2989 -117.027 0.7377 0.5165 -0.7079 -0.0922 -0.7003
-38.3394 -35.8219 -149.934 0.8019 0.5868 -0.7079 -0.0922 -0.7003
-58.9686 -0.2989 -117.478 0.7386 0.5165 -0.7079 -0.0922 -0.7003
-63.4811 61.2219 -75.1114 0.844 0.6975 0.9563 -0.0019 -0.2924
-64.8125 61.2219 -75.1088 0.844 0.6975 0.9563 -0.0019 -0.2924
-67.0987 8.4548 -58.9706 0.8125 0.8019 0.9953 -0.0019 -0.0966
-63.4811 61.2219 -75.1114 0.844 0.6975 0.1709 -0.9851 -0.0208
-65.7673 8.4548 -58.9732 0.8125 0.8019 0.1709 -0.9851 -0.0208
-56.8914 -20.0503 -103.19 0.8988 0.8583 0.1709 -0.9851 -0.0208
-65.0193 -44.3123 -64.2533 0.8228 0.9063 -0.1718 -0.0161 0.985
-66.3507 -44.3123 -64.2507 0.8228 0.9063 -0.1718 -0.0161 0.985
-61.7278 -39.8018 -89.8034 0.8726 0.8974 -0.1718 -0.0161 0.985
-61.7278 -39.8018 -89.8034 0.8726 0.8974 -0.1566 0.9876 0.0099
-66.3507 -44.3123 -64.2507 0.8228 0.9063 -0.1566 0.9876 0.0099
-67.0987 8.4548 -58.9706 0.8125 0.8019 -0.1566 0.9876 0.0099
-64.8125 61.2219 -75.1088 0.844 0.6975 -0.8186 -0.0765 -0.5693
-63.4811 61.2219 -75.1114 0.844 0.6975 -0.8186 -0.0765 -0.5693
-55.5119 -0.2989 -117.027 0.9258 0.8192 -0.8186 -0.0765 -0.5693
-56.8914 -20.0503 -103.19 0.7107 0.5556 0.3695 -0.8975 -0.2406
-38.3224 -45.1627 -138.029 0.7787 0.6053 0.1893 -0.9152 -0.3558
-38.3394 -35.8219 -149.934 0.8019 0.5868 0.2061 -0.9421 -0.2645
-39.3264 -49.9418 -142.248 0.7869 0.6148 -0.1901 0.9016 0.3885
-60.3482 -20.0503 -103.641 0.7116 0.5556 -0.3835 0.8832 0.2699
-58.9686 -0.2989 -117.478 0.7386 0.5165 -0.3668 0.91 0.1934
-65.7673 8.4548 -58.9732 0.8125 0.8019 0.995 -0.0019 -0.1001
-67.0987 8.4548 -58.9706 0.8125 0.8019 0.9953 -0.0019 -0.0966
-66.3507 -44.3123 -64.2507 0.8228 0.9063 0.995 -0.0019 0.0995
-65.7673 8.4548 -58.9732 0.8125 0.8019 0.2143 -0.9766 -0.0168
-65.0193 -44.3123 -64.2533 0.8228 0.9063 0.2143 -0.9766 -0.0168
-58.271 -39.8018 -89.3534 0.8718 0.8974 0.2143 -0.9766 -0.0168
-60.3482 -20.0503 -103.641 0.8996 0.8583 -0.1367 0.9906 0.0064
-67.0987 8.4548 -58.9706 0.8125 0.8019 -0.1367 0.9906 0.0064
-64.8125 61.2219 -75.1088 0.844 0.6975 -0.1367 0.9906 0.0064
5.4459 -86.9053 16.4456 0.4773 0.6879 0.1107 -0.9089 0.4021
27.9578 -60.6834 26.6777 0.4573 0.6361 0.2704 -0.8146 0.5131
5.4459 -45.7392 81.1164 0.3511 0.6065 0.2588 -0.9359 0.2392
5.4459 -93.9158 -29.5148 0.567 0.7018 0.0284 -0.9073 0.4196
32.9362 -60.6865 -17.1681 0.5429 0.6361 0.1069 -0.8517 0.5131
27.9578 -60.6834 26.6777 0.4573 0.6361 0.2704 -0.8146 0.5131
5.4459 -92.0529 -62.9944 0.6323 0.6981 -0.0596 -0.6115 0.789
5.4459 -90.0074 -119.023 0.7416 0.6941 -0.2992 -0.4136 0.8599
37.913 -59.6419 -99.9569 0.7044 0.634 -0.0979 -0.8332 0.5443
5.4459 -77.3273 -144.656 0.7916 0.669 -0.4696 -0.3132 0.8255
5.4459 -62.0979 -167.692 0.8366 0.6389 -0.5275 -0.3564 0.7712
24.0499 -42.7519 -161.814 0.8251 0.6006 -0.543 -0.797 0.2646
27.9578 -60.6834 26.6777 0.4573 0.6361 0.2704 -0.8146 0.5131
40.6712 -18.527 33.009 0.445 0.5526 0.3075 -0.9412 0.1399
5.4459 -22.5386 102.722 0.3089 0.5606 0.3021 -0.9318 0.2013
32.9362 -60.6865 -17.1681 0.5429 0.6361 0.1069 -0.8517 0.5131
47.8795 -18.5265 -13.3211 0.5354 0.5526 0.1524 -0.9754 0.1595
40.6712 -18.527 33.009 0.445 0.5526 0.3075 -0.9412 0.1399
37.9147 -60.6895 -58.8282 0.6242 0.6361 0.0298 -0.836 0.548
37.913 -59.6419 -99.9569 0.7044 0.634 -0.0979 -0.8332 0.5443
55.0907 -17.5138 -94.8203 0.6944 0.5506 -0.1622 -0.9773 0.1361
24.0499 -42.7519 -161.814 0.8251 0.6006 -0.543 -0.797 0.2646
24.0499 -27.8341 -162.699 0.8268 0.571 -0.5824 -0.8025 0.1299
38.0538 -35.8219 -149.934 0.8019 0.5868 -0.5456 -0.8009 0.2467
40.6712 -18.527 33.009 0.445 0.5526 0.3075 -0.9412 0.1399
39.7232 16.6938 31.6257 0.4477 0.4829 0.3102 -0.921 -0.2358
9.6033 -1.8515 101.798 0.3107 0.5196 0.2397 -0.9708 0.0054
40.6712 -18.527 33.009 0.445 0.5526 0.3075 -0.9412 0.1399
47.8795 -18.5265 -13.3211 0.5354 0.5526 0.1524 -0.9754 0.1595
46.7623 18.0901 -10.0105 0.5289 0.4801 0.1647 -0.9653 -0.2027
55.0877 -18.526 -57.4443 0.6215 0.5526 0.0701 -0.9822 0.1745
55.0907 -17.5138 -94.8203 0.6944 0.5506 -0.1622 -0.9773 0.1361
53.8018 17.3477 -94.7981 0.6944 0.4816 -0.143 -0.9728 -0.1821
24.0499 -27.8341 -162.699 0.8268 0.571 -0.5824 -0.8025 0.1299
24.0499 9.0069 -172.516 0.846 0.4981 -0.527 -0.8482 -0.0539
40.0887 15.6162 -148.159 0.7985 0.485 -0.3921 -0.9103 -0.1323
9.6033 -1.8515 101.798 0.3107 0.5196 0.2397 -0.9708 0.0054
39.7232 16.6938 31.6257 0.4477 0.4829 0.3102 -0.921 -0.2358
26.6788 40.6853 31.0941 0.4487 0.4354 0.3491 -0.7578 -0.5513
46.7623 18.0901 -10.0105 0.5289 0.4801 0.1647 -0.9653 -0.2027
30.7419 55.9187 -9.1144 0.5272 0.4053 0.2226 -0.8037 -0.5518
26.6788 40.6853 31.0941 0.4487 0.4354 0.3491 -0.7578 -0.5513
53.8018 17.3477 -94.7981 0.6944 0.4816 -0.143 -0.9728 -0.1821
34.805 64.6773 -98.1113 0.7008 0.3879 -0.1096 -0.8549 -0.5072
34.805 64.1591 -53.0332 0.6129 0.389 0.0994 -0.8429 -0.5289
24.0499 9.0069 -172.516 0.846 0.4981 -0.527 -0.8482 -0.0539
14.7479 25.3436 -181.973 0.8645 0.4658 -0.5312 -0.827 -0.1841
26.8886 54.2419 -150.351 0.8028 0.4086 -0.3686 -0.8589 -0.3555
-6.5885 -45.7392 81.1164 0.3511 0.6065 0.2753 0.9263 0.2574
-29.0621 -60.6489 26.6756 0.4573 0.636 0.27 0.8148 0.513
-6.5885 -86.9053 16.4456 0.4773 0.6879 0.1078 0.9051 0.4112
-29.0621 -60.6489 26.6756 0.4573 0.636 0.27 0.8148 0.513
-34.0432 -60.6459 -17.1706 0.5429 0.636 0.1068 0.8517 0.513
-6.5885 -93.9158 -29.5148 0.567 0.7018 0.0294 0.9074 0.4192
-6.5885 -92.0529 -62.9944 0.6323 0.6981 -0.0762 0.6017 0.7951
-39.0242 -60.6429 -58.8312 0.6242 0.636 0.0298 0.836 0.5479
-39.026 -59.5953 -99.9598 0.7044 0.6339 -0.1067 0.8339 0.5415
-6.5885 -77.3273 -144.656 0.7916 0.669 -0.4689 0.3171 0.8244
-39.3264 -49.9418 -142.248 0.7869 0.6148 -0.4564 0.6981 0.5517
-25.1925 -42.7519 -161.814 0.8251 0.6006 -0.5343 0.8022 0.2665
-6.5885 -22.5386 102.722 0.3089 0.5606 0.3311 0.9039 0.2709
-41.8244 -18.5326 33.0145 0.445 0.5526 0.3074 0.9412 0.1404
-29.0621 -60.6489 26.6756 0.4573 0.636 0.27 0.8148 0.513
-41.8244 -18.5326 33.0145 0.445 0.5526 0.3074 0.9412 0.1404
-49.0253 -18.533 -13.3146 0.5354 0.5526 0.1522 0.9753 0.1601
-34.0432 -60.6459 -17.1706 0.5429 0.636 0.1068 0.8517 0.513
-39.0242 -60.6429 -58.8312 0.6242 0.636 0.0298 0.836 0.5479
-56.2265 -18.5335 -57.4368 0.6215 0.5526 0.07 0.9821 0.175
-56.2235 -17.5213 -94.8129 0.6944 0.5506 -0.1678 0.9763 0.137
-38.3394 -35.8219 -149.934 0.8019 0.5868 -0.5424 0.805 0.2405
-25.1925 -27.8341 -162.699 0.8268 0.571 -0.5712 0.8111 0.1264
-25.1925 -42.7519 -161.814 0.8251 0.6006 -0.5343 0.8022 0.2665
-10.746 -1.8515 101.798 0.3107 0.5196 0.2443 0.9696 0.0097
-40.8686 16.6857 31.6267 0.4477 0.4829 0.3102 0.921 -0.2358
-41.8244 -18.5326 33.0145 0.445 0.5526 0.3074 0.9412 0.1404
-41.8244 -18.5326 33.0145 0.445 0.5526 0.3074 0.9412 0.1404
-40.8686 16.6857 31.6267 0.4477 0.4829 0.3102 0.921 -0.2358
-47.9063 18.0806 -10.0094 0.5289 0.4802 0.1647 0.9653 -0.2027
-56.2265 -18.5335 -57.4368 0.6215 0.5526 0.07 0.9821 0.175
-54.9439 19.4755 -54.9866 0.6167 0.4774 0.0764 0.9744 -0.2116
-54.9437 17.3367 -94.7969 0.6944 0.4816 -0.1442 0.9729 -0.1807
-41.2296 15.608 -148.158 0.7985 0.4851 -0.3914 0.9117 -0.1251
-25.1925 9.0069 -172.516 0.846 0.4981 -0.5247 0.8497 -0.0518
-25.1925 -27.8341 -162.699 0.8268 0.571 -0.5712 0.8111 0.1264
-10.746 -1.8515 101.798 0.3107 0.5196 0.2443 0.9696 0.0097
-8.6672 8.4206 101.729 0.3109 0.4993 0.2359 0.9491 -0.2087
-27.8217 40.6849 31.0941 0.4487 0.4354 0.3491 0.7578 -0.5512
-27.8217 40.6849 31.0941 0.4487 0.4354 0.3491 0.7578 -0.5512
-31.8846 55.9183 -9.1144 0.5272 0.4053 0.2226 0.8037 -0.5518
-47.9063 18.0806 -10.0094 0.5289 0.4802 0.1647 0.9653 -0.2027
-35.9475 64.1586 -53.0332 0.6129 0.389 0.0993 0.8429 -0.5288
-35.9475 64.6768 -98.1113 0.7008 0.3879 -0.1096 0.8549 -0.5071
-54.9437 17.3367 -94.7969 0.6944 0.4816 -0.1442 0.9729 -0.1807
-28.0312 54.2415 -150.351 0.8028 0.4086 -0.3686 0.8589 -0.3555
-15.8905 25.3436 -181.973 0.8645 0.4658 -0.5312 0.827 -0.1841
-25.1925 9.0069 -172.516 0.846 0.4981 -0.5247 0.8497 -0.0518
-1.8848 -97.5971 128.358 0.2589 0.7091 0.7098 0.6688 0.2213
-1.8848 -130.667 111.017 0.2928 0.7746 0.5381 0.6451 0.5425
0.7422 -130.667 111.017 0.2928 0.7746 0.5381 -0.6451 0.5425
0.7422 -130.667 111.017 0.2928 0.7746 0.5381 -0.6451 0.5425
-1.8848 -130.667 111.017 0.2928 0.7746 0.5381 0.6451 0.5425
-1.8848 -144.633 83.8419 0.3458 0.8022 0.1595 0.6531 0.7403
0.7422 -117.308 -33.7295 0.5752 0.7481 0.81 -0.5864 -0.0074
-1.8848 -117.308 -33.7295 0.5752 0.7481 0.81 0.5864 -0.0074
-1.8848 -121.518 -37.2395 0.582 0.7565 0.2423 0.6039 0.7594
5.4459 -77.3273 -144.656 0.7916 0.669 -0.4696 -0.3132 0.8255
-6.5885 -77.3273 -144.656 0.7916 0.669 -0.4689 0.3171 0.8244
-6.5885 -62.0979 -167.692 0.8366 0.6389 -0.5259 0.3583 0.7714
-6.5885 -42.0612 -209.72 0.9186 0.5992 -0.3796 0.463 0.801
-6.5885 -35.7915 -220.779 0.9402 0.5868 -0.8532 0.4943 0.1663
5.4459 -35.7915 -220.779 0.9402 0.5868 -0.8532 -0.4943 0.1663
-6.5885 -35.7915 -220.779 0.9402 0.5868 -0.8532 0.4943 0.1663
-6.5885 -29.0277 -215.672 0.9302 0.5734 -0.4997 0.8531 0.1501
5.4459 -29.0277 -215.672 0.9302 0.5734 -0.4997 -0.8531 0.1501
-6.5885 -29.0277 -215.672 0.9302 0.5734 -0.4997 0.8531 0.1501
-6.5885 -25.0137 -227.457 0.9515 0.5644 -0.7681 0.5183 0.376
5.4459 -25.0137 -227.457 0.9515 0.5644 -0.7681 -0.5183 0.376
5.4459 -25.0137 -227.457 0.9515 0.5644 -0.7681 -0.5183 0.376
-6.5885 -25.0137 -227.457 0.9515 0.5644 -0.7681 0.5183 0.376
-6.5885 -20.6979 -226.013 0.9516 0.5574 -0.7429 0.6215 -0.2486
5.4459 -16.382 -224.569 0.952 0.5314 -0.7047 -0.5676 -0.4256
-6.5885 -16.382 -224.569 0.9476 0.5484 -0.7047 0.5676 -0.4256
-6.5885 4.2893 -202.623 0.9047 0.5075 -0.7292 0.5123 -0.4537
0.7422 104.683 -133.824 0.7681 0.2962 -0.3897 -0.4843 -0.7833
-1.8848 104.683 -133.824 0.7705 0.3088 -0.3897 0.4843 -0.7833
-1.8848 111.251 -119.024 0.7416 0.2958 -0.3086 0.5833 -0.7514
0.7421 144.633 49.4476 0.4129 0.2297 0.1475 -0.661 -0.7357
-1.8849 144.633 49.4476 0.4129 0.2297 0.1475 0.661 -0.7357
-1.8849 138.328 63.6296 0.3852 0.2422 0.2873 0.7071 -0.6461
-1.8849 132.023 77.8116 0.3575 0.2547 0.3714 0.6823 -0.6297
-1.8849 107.555 110.171 0.2944 0.3031 0.6232 0.6451 -0.4421
0.7421 107.555 110.171 0.2944 0.3031 0.6232 -0.6451 -0.4421
0.6691 60.1776 225.885 0.0686 0.3968 0.5915 -0.55 -0.5895
-1.8117 60.1776 225.885 0.0686 0.3968 0.5915 0.55 -0.5895
-1.8117 29.1709 227.457 0.0656 0.4582 0.7462 0.6657 0.004
-1.8117 -21.5889 224.556 0.0712 0.5587 0.7481 0.6527 0.1193
-3.5464 -72.5727 210.15 0.0993 0.6596 0.4346 0.5939 0.677
2.4037 -72.5727 210.15 0.0993 0.6596 0.4361 -0.5848 0.684
-1.8848 -30.8749 131.014 0.2537 0.5771 0.6759 0.6157 -0.4051
-1.8848 -61.8427 132.72 0.2504 0.6383 0.7255 0.6878 0.0241
0.7422 -61.8427 132.72 0.2504 0.6383 0.7255 -0.6878 0.0241
-1.8848 -61.8427 132.72 0.2504 0.6383 0.7255 0.6878 0.0241
-1.8848 -97.5971 128.358 0.2589 0.7091 0.7098 0.6688 0.2213
0.7422 -97.5971 128.358 0.2589 0.7091 0.7098 -0.6688 0.2213
5.4459 -49.6606 -187.982 0.8762 0.6142 -0.3982 -0.4284 0.8111
5.4459 -42.0612 -209.72 0.9186 0.5992 -0.3796 -0.463 0.801
5.4459 -35.7915 -220.779 0.9402 0.5868 -0.8532 -0.4943 0.1663
15.803 -24.5392 -184.278 0.869 0.5645 -0.3387 -0.9383 0.07
15.803 -37.9924 -183.294 0.867 0.5911 -0.3505 -0.895 0.2758
5.4459 -35.7915 -220.779 0.9402 0.5868 -0.8532 -0.4943 0.1663
15.803 -24.5392 -184.278 0.869 0.5645 -0.3387 -0.9383 0.07
5.4459 -29.0277 -215.672 0.9302 0.5734 -0.4997 -0.8531 0.1501
5.4459 -25.0137 -227.457 0.9515 0.5644 -0.7681 -0.5183 0.376
5.4459 4.2893 -202.623 0.9047 0.5075 -0.7292 -0.5123 -0.4537
10.6245 0.6647 -195.487 0.8908 0.5146 -0.5158 -0.806 -0.2904
5.4459 -20.6979 -226.013 0.9516 0.5574 -0.7429 -0.6215 -0.2486
-6.5885 -49.6606 -187.982 0.8762 0.6142 -0.3982 0.4284 0.8111
-16.9457 -37.9925 -183.294 0.867 0.5911 -0.3505 0.895 0.2758
-6.5885 -35.7915 -220.779 0.9402 0.5868 -0.8532 0.4943 0.1663
-16.9457 -24.5392 -184.278 0.869 0.5645 -0.3387 0.9383 0.07
-6.5885 -29.0277 -215.672 0.9302 0.5734 -0.4997 0.8531 0.1501
-6.5885 -35.7915 -220.779 0.9402 0.5868 -0.8532 0.4943 0.1663
-16.9457 -24.5392 -184.278 0.869 0.5645 -0.3387 0.9383 0.07
-16.9457 -3.7386 -190.913 0.8819 0.5233 -0.4428 0.8922 -0.0892
-6.5885 -25.0137 -227.457 0.9515 0.5644 -0.7681 0.5183 0.376
-16.9457 -3.7386 -190.913 0.8819 0.5233 -0.4428 0.8922 -0.0892
-11.7671 0.6647 -195.487 0.8908 0.5146 -0.5158 0.806 -0.2904
-6.5885 -20.6979 -226.013 0.9516 0.5574 -0.7429 0.6215 -0.2486
5.4459 -49.6606 -187.982 0.8762 0.6142 -0.3982 -0.4284 0.8111
-6.5885 -49.6606 -187.982 0.8762 0.6142 -0.3982 0.4284 0.8111
-6.5885 -42.0612 -209.72 0.9186 0.5992 -0.3796 0.463 0.801
5.4459 4.2893 -202.623 0.9135 0.5002 -0.7292 -0.5123 -0.4537
-6.5885 4.2893 -202.623 0.9047 0.5075 -0.7292 0.5123 -0.4537
-6.5885 41.6803 -191.431 0.8829 0.4335 -0.8052 0.4436 -0.3935
5.4459 -62.0979 -167.692 0.8366 0.6389 -0.5275 -0.3564 0.7712
5.4459 -49.6606 -187.982 0.8762 0.6142 -0.3982 -0.4284 0.8111
15.803 -37.9924 -183.294 0.867 0.5911 -0.3505 -0.895 0.2758
24.0499 -27.8341 -162.699 0.8268 0.571 -0.5824 -0.8025 0.1299
24.0499 -42.7519 -161.814 0.8251 0.6006 -0.543 -0.797 0.2646
15.803 -37.9924 -183.294 0.867 0.5911 -0.3505 -0.895 0.2758
24.0499 9.0069 -172.516 0.846 0.4981 -0.527 -0.8482 -0.0539
24.0499 -27.8341 -162.699 0.8268 0.571 -0.5824 -0.8025 0.1299
15.803 -24.5392 -184.278 0.869 0.5645 -0.3387 -0.9383 0.07
5.4459 41.6803 -191.431 0.8829 0.4335 -0.8052 -0.4436 -0.3935
14.7479 25.3436 -181.973 0.8645 0.4658 -0.5312 -0.827 -0.1841
10.6245 0.6647 -195.487 0.8908 0.5146 -0.5158 -0.806 -0.2904
-6.5885 -62.0979 -167.692 0.8366 0.6389 -0.5259 0.3583 0.7714
-25.1925 -42.7519 -161.814 0.8251 0.6006 -0.5343 0.8022 0.2665
-16.9457 -37.9925 -183.294 0.867 0.5911 -0.3505 0.895 0.2758
-25.1925 -27.8341 -162.699 0.8268 0.571 -0.5712 0.8111 0.1264
-16.9457 -24.5392 -184.278 0.869 0.5645 -0.3387 0.9383 0.07
-16.9457 -37.9925 -183.294 0.867 0.5911 -0.3505 0.895 0.2758
-25.1925 9.0069 -172.516 0.846 0.4981 -0.5247 0.8497 -0.0518
-16.9457 -3.7386 -190.913 0.8819 0.5233 -0.4428 0.8922 -0.0892
-16.9457 -24.5392 -184.278 0.869 0.5645 -0.3387 0.9383 0.07
-25.1925 9.0069 -172.516 0.846 0.4981 -0.5247 0.8497 -0.0518
-15.8905 25.3436 -181.973 0.8645 0.4658 -0.5312 0.827 -0.1841
-11.7671 0.6647 -195.487 0.8908 0.5146 -0.5158 0.806 -0.2904
5.4459 -62.0979 -167.692 0.8366 0.6389 -0.5275 -0.3564 0.7712
-6.5885 -62.0979 -167.692 0.8366 0.6389 -0.5259 0.3583 0.7714
-6.5885 -49.6606 -187.982 0.8762 0.6142 -0.3982 0.4284 0.8111
5.4459 41.6803 -191.431 0.8933 0.4261 -0.8052 -0.4436 -0.3935
-6.5885 41.6803 -191.431 0.8829 0.4335 -0.8052 0.4436 -0.3935
-6.5885 91.5187 -153.776 0.823 0.3469 -0.5335 0.4856 -0.6925
37.913 -59.6419 -99.9569 0.7044 0.634 -0.0979 -0.8332 0.5443
5.4459 -90.0074 -119.023 0.7416 0.6941 -0.2992 -0.4136 0.8599
5.4459 -82.3359 -134.531 0.7719 0.6789 -0.4007 -0.3548 0.8447
37.913 -59.6419 -99.9569 0.7044 0.634 -0.0979 -0.8332 0.5443
33.3705 -55.9115 -128.495 0.7601 0.6266 -0.1317 -0.7972 0.5891
37.7511 -45.1627 -138.029 0.7787 0.6053 -0.1354 -0.9611 0.2409
55.0907 -17.5138 -94.8203 0.6944 0.5506 -0.1622 -0.9773 0.1361
37.7511 -45.1627 -138.029 0.7787 0.6053 -0.1354 -0.9611 0.2409
45.5054 16.3001 -127.081 0.7573 0.4837 -0.2401 -0.9611 -0.1364
34.805 64.6773 -98.1113 0.7008 0.3879 -0.1096 -0.8549 -0.5072
30.0156 58.3639 -129.716 0.7625 0.4004 -0.1998 -0.879 -0.433
5.4459 94.2182 -136.06 0.7775 0.3282 -0.085 -0.8737 -0.479
-39.026 -59.5953 -99.9598 0.7044 0.6339 -0.1067 0.8339 0.5415
-33.7927 -55.8708 -128.497 0.7601 0.6265 -0.1338 0.7986 0.5868
-6.5885 -82.3359 -134.531 0.7719 0.6789 -0.399 0.3606 0.8431
-39.026 -59.5953 -99.9598 0.7044 0.6339 -0.1067 0.8339 0.5415
-56.2235 -17.5213 -94.8129 0.6944 0.5506 -0.1678 0.9763 0.137
-38.3224 -45.1627 -138.029 0.7787 0.6053 -0.1456 0.9574 0.2495
-56.2235 -17.5213 -94.8129 0.6944 0.5506 -0.1678 0.9763 0.137
-54.9437 17.3367 -94.7969 0.6944 0.4816 -0.1442 0.9729 -0.1807
-46.6467 16.2908 -127.08 0.7573 0.4837 -0.2411 0.9616 -0.1308
-54.9437 17.3367 -94.7969 0.6944 0.4816 -0.1442 0.9729 -0.1807
-35.9475 64.6768 -98.1113 0.7008 0.3879 -0.1096 0.8549 -0.5071
-31.1582 58.3635 -129.716 0.7625 0.4004 -0.1998 0.879 -0.4329
5.4459 -90.0074 -119.023 0.7416 0.6941 -0.2992 -0.4136 0.8599
-6.5885 -90.0074 -119.023 0.7416 0.6941 -0.2982 0.4162 0.859
-6.5885 -82.3359 -134.531 0.7719 0.6789 -0.399 0.3606 0.8431
0.7421 136.719 -39.916 0.5873 0.2454 -0.1443 -0.6928 -0.7066
-1.8848 136.719 -39.916 0.5873 0.2454 -0.1443 0.6928 -0.7066
-1.8848 143.775 11.5455 0.4869 0.2314 -0.0571 0.6945 -0.7172
8.2097 -1.5829 118.965 0.2772 0.5191 0.0761 -0.9968 -0.0228
5.4459 -18.5981 119.889 0.2754 0.5528 0.0139 -0.7103 0.7038
5.4459 -22.5386 102.722 0.3089 0.5606 0.3021 -0.9318 0.2013
5.4459 -18.5981 119.889 0.2754 0.5528 0.0139 -0.7103 0.7038
-6.5885 -18.5981 119.889 0.2754 0.5528 0.0169 0.7198 0.694
-6.5885 -22.5386 102.722 0.3089 0.5606 0.3311 0.9039 0.2709
-6.5885 -18.5981 119.889 0.2754 0.5528 0.0169 0.7198 0.694
-9.3523 -1.5829 118.965 0.2772 0.5191 0.076 0.997 -0.0117
-10.746 -1.8515 101.798 0.3107 0.5196 0.2443 0.9696 0.0097
-9.3523 -1.5829 118.965 0.2772 0.5191 0.076 0.997 -0.0117
-7.9704 5.5337 118.896 0.2774 0.505 0.0555 0.982 -0.1808
-8.6672 8.4206 101.729 0.3109 0.4993 0.2359 0.9491 -0.2087
-1.8848 56.0898 122.66 0.27 0.4049 0.7139 0.6933 -0.0987
0.7421 56.0898 122.66 0.27 0.4049 0.7139 -0.6933 -0.0987
0.7421 90.2398 115.73 0.2836 0.3373 0.6958 -0.6949 -0.1817
5.4459 18.6928 101.66 0.311 0.479 0.1892 -0.9517 -0.2418
5.4459 12.6503 118.827 0.2775 0.4909 0.1364 -0.9282 -0.3462
6.8278 5.5337 118.896 0.2774 0.505 0.0555 -0.982 -0.1808
6.9795 -1.2433 133.88 0.2481 0.5184 0.1156 -0.9933 -0.0045
4.4459 -22.6168 133.024 0.2498 0.5607 -0.2478 -0.7151 0.6536
5.4459 -18.5981 119.889 0.2754 0.5528 0.0139 -0.7103 0.7038
4.4459 -22.6168 133.024 0.2498 0.5607 -0.2478 -0.7151 0.6536
-5.5885 -22.6168 133.024 0.2498 0.5607 -0.2109 0.7352 0.6442
-6.5885 -18.5981 119.889 0.2754 0.5528 0.0169 0.7198 0.694
-5.5885 -22.6168 133.024 0.2498 0.5607 -0.2109 0.7352 0.6442
-8.1222 -1.2433 133.88 0.2481 0.5184 0.1204 0.9926 0.0129
-9.3523 -1.5829 118.965 0.2772 0.5191 0.076 0.997 -0.0117
-9.3523 -1.5829 118.965 0.2772 0.5191 0.076 0.997 -0.0117
-8.1222 -1.2433 133.88 0.2481 0.5184 0.1204 0.9926 0.0129
-6.8554 10.8779 136.614 0.2428 0.4944 0.0905 0.9929 -0.0768
-5.5885 22.999 139.348 0.2375 0.4704 -0.2607 0.7109 -0.6533
4.4459 22.999 139.348 0.2375 0.4704 -0.2607 -0.7109 -0.6533
5.4459 12.6503 118.827 0.2775 0.4909 0.1364 -0.9282 -0.3462
4.4459 22.999 139.348 0.2375 0.4704 -0.2607 -0.7109 -0.6533
5.7127 10.8779 136.614 0.2428 0.4944 0.0905 -0.9929 -0.0768
6.8278 5.5337 118.896 0.2774 0.505 0.0555 -0.982 -0.1808
0.7995 -7.6414 164.018 0.1893 0.5311 0.0746 -0.9972 0.0067
0.7995 -42.8216 159.119 0.1989 0.6007 -0.4116 -0.6833 0.6031
4.4459 -22.6168 133.024 0.2498 0.5607 -0.2478 -0.7151 0.6536
0.7995 -42.8216 159.119 0.1989 0.6007 -0.4116 -0.6833 0.6031
-1.9422 -42.8216 159.119 0.1989 0.6007 -0.4184 0.6859 0.5954
-5.5885 -22.6168 133.024 0.2498 0.5607 -0.2109 0.7352 0.6442
-1.9422 -42.8216 159.119 0.1989 0.6007 -0.4184 0.6859 0.5954
-1.9422 -7.6414 164.018 0.1893 0.5311 0.061 0.998 0.0147
-8.1222 -1.2433 133.88 0.2481 0.5184 0.1204 0.9926 0.0129
-8.1222 -1.2433 133.88 0.2481 0.5184 0.1204 0.9926 0.0129
-1.9422 -7.6414 164.018 0.1893 0.5311 0.061 0.998 0.0147
-1.9422 17.5007 168.761 0.1801 0.4813 0.0466 0.9989 0.0036
-1.9422 42.6429 173.504 0.1708 0.4316 -0.3511 0.6879 -0.6353
0.7995 42.6429 173.504 0.1708 0.4316 -0.3511 -0.6879 -0.6353
4.4459 22.999 139.348 0.2375 0.4704 -0.2607 -0.7109 -0.6533
0.7995 42.6429 173.504 0.1708 0.4316 -0.3511 -0.6879 -0.6353
0.7995 17.5007 168.761 0.1801 0.4813 0.0466 -0.9989 0.0036
5.7127 10.8779 136.614 0.2428 0.4944 0.0905 -0.9929 -0.0768
2.4037 -12.7552 204.104 0.1111 0.5412 0.0202 -0.9998 -0.0019
2.4037 -70.9606 200.607 0.1179 0.6564 -0.2853 -0.6646 0.6906
0.7995 -42.8216 159.119 0.1989 0.6007 -0.4116 -0.6833 0.6031
2.4037 -70.9606 200.607 0.1179 0.6564 -0.2853 -0.6646 0.6906
-3.5464 -70.9606 200.607 0.1179 0.6564 -0.2781 0.6707 0.6876
-1.9422 -42.8216 159.119 0.1989 0.6007 -0.4184 0.6859 0.5954
-3.5464 -70.9606 200.607 0.1179 0.6564 -0.2781 0.6707 0.6876
-3.5464 -12.7552 204.104 0.1111 0.5412 0.0217 0.9998 0.0002
-1.9422 -7.6414 164.018 0.1893 0.5311 0.061 0.998 0.0147
-1.9422 -7.6414 164.018 0.1893 0.5311 0.061 0.998 0.0147
-3.5464 -12.7552 204.104 0.1111 0.5412 0.0217 0.9998 0.0002
-3.5464 23.9024 205.811 0.1078 0.4686 0.0179 0.9998 0.0003
-3.5464 60.56 207.518 0.1045 0.3961 -0.1509 0.6723 -0.7247
2.4037 60.56 207.518 0.1045 0.3961 -0.1509 -0.6723 -0.7247
0.7995 42.6429 173.504 0.1708 0.4316 -0.3511 -0.6879 -0.6353
2.4037 60.56 207.518 0.1045 0.3961 -0.1509 -0.6723 -0.7247
2.4037 23.9024 205.811 0.1078 0.4686 0.0179 -0.9998 0.0003
0.7995 17.5007 168.761 0.1801 0.4813 0.0466 -0.9989 0.0036
0.6691 -21.5889 224.556 0.0712 0.5587 0.751 -0.6502 0.1152
2.4037 -72.5727 210.15 0.0993 0.6596 0.4361 -0.5848 0.684
2.4037 -70.9606 200.607 0.1179 0.6564 -0.2853 -0.6646 0.6906
2.4037 -72.5727 210.15 0.0993 0.6596 0.4361 -0.5848 0.684
-3.5464 -72.5727 210.15 0.0993 0.6596 0.4346 0.5939 0.677
-3.5464 -70.9606 200.607 0.1179 0.6564 -0.2781 0.6707 0.6876
-3.5464 -72.5727 210.15 0.0993 0.6596 0.4346 0.5939 0.677
-1.8117 -21.5889 224.556 0.0712 0.5587 0.7481 0.6527 0.1193
-3.5464 -12.7552 204.104 0.1111 0.5412 0.0217 0.9998 0.0002
-3.5464 -12.7552 204.104 0.1111 0.5412 0.0217 0.9998 0.0002
-1.8117 -21.5889 224.556 0.0712 0.5587 0.7481 0.6527 0.1193
-1.8117 29.1709 227.457 0.0656 0.4582 0.7462 0.6657 0.004
-1.8117 60.1776 225.885 0.0686 0.3968 0.5915 0.55 -0.5895
0.6691 60.1776 225.885 0.0686 0.3968 0.5915 -0.55 -0.5895
2.4037 60.56 207.518 0.1045 0.3961 -0.1509 -0.6723 -0.7247
0.6691 60.1776 225.885 0.0686 0.3968 0.5915 -0.55 -0.5895
0.6691 29.1709 227.457 0.0656 0.4582 0.7462 -0.6657 0.004
2.4037 23.9024 205.811 0.1078 0.4686 0.0179 -0.9998 0.0003
7.5246 8.4206 101.729 0.3109 0.4993 0.2358 -0.9491 -0.2087
26.6788 40.6853 31.0941 0.4487 0.4354 0.3491 -0.7578 -0.5513
5.4459 65.0076 25.8413 0.459 0.3873 0.2345 -0.8708 -0.432
26.6788 40.6853 31.0941 0.4487 0.4354 0.3491 -0.7578 -0.5513
30.7419 55.9187 -9.1144 0.5272 0.4053 0.2226 -0.8037 -0.5518
5.4459 80.0927 -4.911 0.519 0.3574 0.1827 -0.8834 -0.4315
34.805 64.1591 -53.0332 0.6129 0.389 0.0994 -0.8429 -0.5289
34.805 64.6773 -98.1113 0.7008 0.3879 -0.1096 -0.8549 -0.5072
5.4459 98.3528 -108.926 0.7219 0.3213 -0.0687 -0.8972 -0.4363
14.7479 25.3436 -181.973 0.8645 0.4658 -0.5312 -0.827 -0.1841
5.4459 41.6803 -191.431 0.8829 0.4335 -0.8052 -0.4436 -0.3935
5.4459 91.5187 -153.776 0.823 0.3469 -0.5335 -0.4856 -0.6925
-8.6672 8.4206 101.729 0.3109 0.4993 0.2359 0.9491 -0.2087
-6.5885 18.6928 101.66 0.311 0.479 0.1843 0.954 -0.2363
-6.5885 65.0076 25.8413 0.459 0.3873 0.2303 0.8722 -0.4316
-31.8846 55.9183 -9.1144 0.5272 0.4053 0.2226 0.8037 -0.5518
-6.5885 80.0927 -4.911 0.519 0.3574 0.1827 0.8834 -0.4315
-6.5885 98.6572 -48.2435 0.6035 0.3207 0.0776 0.9104 -0.4064
-35.9475 64.1586 -53.0332 0.6129 0.389 0.0993 0.8429 -0.5288
-6.5885 98.6572 -48.2435 0.6035 0.3207 0.0776 0.9104 -0.4064
-6.5885 98.3528 -108.926 0.7219 0.3213 -0.07 0.8974 -0.4357
-15.8905 25.3436 -181.973 0.8645 0.4658 -0.5312 0.827 -0.1841
-28.0312 54.2415 -150.351 0.8028 0.4086 -0.3686 0.8589 -0.3555
-6.5885 91.5187 -153.776 0.823 0.3469 -0.5335 0.4856 -0.6925
5.4459 -20.6979 -226.013 0.9595 0.5601 -0.7429 -0.6215 -0.2486
-6.5885 -20.6979 -226.013 0.9516 0.5574 -0.7429 0.6215 -0.2486
-6.5885 -16.382 -224.569 0.9476 0.5484 -0.7047 0.5676 -0.4256
0.6691 29.1709 227.457 0.0656 0.4582 0.7462 -0.6657 0.004
-1.8117 29.1709 227.457 0.0656 0.4582 0.7462 0.6657 0.004
-1.8117 -21.5889 224.556 0.0712 0.5587 0.7481 0.6527 0.1193
5.4459 -20.6979 -226.013 0.9516 0.5574 -0.7429 -0.6215 -0.2486
10.6245 0.6647 -195.487 0.8908 0.5146 -0.5158 -0.806 -0.2904
15.803 -3.7386 -190.913 0.8819 0.5233 -0.4428 -0.8922 -0.0892
-6.5885 -20.6979 -226.013 0.9516 0.5574 -0.7429 0.6215 -0.2486
-11.7671 0.6647 -195.487 0.8908 0.5146 -0.5158 0.806 -0.2904
-6.5885 4.2893 -202.623 0.9047 0.5075 -0.7292 0.5123 -0.4537
10.6245 0.6647 -195.487 0.8908 0.5146 -0.5158 -0.806 -0.2904
14.7479 25.3436 -181.973 0.8645 0.4658 -0.5312 -0.827 -0.1841
24.0499 9.0069 -172.516 0.846 0.4981 -0.527 -0.8482 -0.0539
-11.7671 0.6647 -195.487 0.8908 0.5146 -0.5158 0.806 -0.2904
-15.8905 25.3436 -181.973 0.8645 0.4658 -0.5312 0.827 -0.1841
-6.5885 41.6803 -191.431 0.8829 0.4335 -0.8052 0.4436 -0.3935
26.8886 54.2419 -150.351 0.8028 0.4086 -0.3686 -0.8589 -0.3555
30.0156 58.3639 -129.716 0.7625 0.4004 -0.1998 -0.879 -0.433
45.5054 16.3001 -127.081 0.7573 0.4837 -0.2401 -0.9611 -0.1364
-28.0312 54.2415 -150.351 0.8028 0.4086 -0.3686 0.8589 -0.3555
-31.1582 58.3635 -129.716 0.7625 0.4004 -0.1998 0.879 -0.4329
-6.5885 94.2182 -136.06 0.7775 0.3282 -0.085 0.8737 -0.479
-7.9704 5.5337 118.896 0.2774 0.505 0.0555 0.982 -0.1808
-6.5885 12.6503 118.827 0.2775 0.4909 0.1397 0.93 -0.34
-6.5885 18.6928 101.66 0.311 0.479 0.1843 0.954 -0.2363
7.5246 8.4206 101.729 0.3109 0.4993 0.2358 -0.9491 -0.2087
6.8278 5.5337 118.896 0.2774 0.505 0.0555 -0.982 -0.1808
8.2097 -1.5829 118.965 0.2772 0.5191 0.0761 -0.9968 -0.0228
-7.9704 5.5337 118.896 0.2774 0.505 0.0555 0.982 -0.1808
-6.8554 10.8779 136.614 0.2428 0.4944 0.0905 0.9929 -0.0768
-5.5885 22.999 139.348 0.2375 0.4704 -0.2607 0.7109 -0.6533
5.7127 10.8779 136.614 0.2428 0.4944 0.0905 -0.9929 -0.0768
6.9795 -1.2433 133.88 0.2481 0.5184 0.1156 -0.9933 -0.0045
8.2097 -1.5829 118.965 0.2772 0.5191 0.0761 -0.9968 -0.0228
-6.8554 10.8779 136.614 0.2428 0.4944 0.0905 0.9929 -0.0768
-1.9422 17.5007 168.761 0.1801 0.4813 0.0466 0.9989 0.0036
-1.9422 42.6429 173.504 0.1708 0.4316 -0.3511 0.6879 -0.6353
0.7995 17.5007 168.761 0.1801 0.4813 0.0466 -0.9989 0.0036
0.7995 -7.6414 164.018 0.1893 0.5311 0.0746 -0.9972 0.0067
6.9795 -1.2433 133.88 0.2481 0.5184 0.1156 -0.9933 -0.0045
-1.9422 17.5007 168.761 0.1801 0.4813 0.0466 0.9989 0.0036
-3.5464 23.9024 205.811 0.1078 0.4686 0.0179 0.9998 0.0003
-3.5464 60.56 207.518 0.1045 0.3961 -0.1509 0.6723 -0.7247
2.4037 23.9024 205.811 0.1078 0.4686 0.0179 -0.9998 0.0003
2.4037 -12.7552 204.104 0.1111 0.5412 0.0202 -0.9998 -0.0019
0.7995 -7.6414 164.018 0.1893 0.5311 0.0746 -0.9972 0.0067
-3.5464 23.9024 205.811 0.1078 0.4686 0.0179 0.9998 0.0003
-1.8117 29.1709 227.457 0.0656 0.4582 0.7462 0.6657 0.004
-1.8117 60.1776 225.885 0.0686 0.3968 0.5915 0.55 -0.5895
0.6691 29.1709 227.457 0.0656 0.4582 0.7462 -0.6657 0.004
0.6691 -21.5889 224.556 0.0712 0.5587 0.751 -0.6502 0.1152
2.4037 -12.7552 204.104 0.1111 0.5412 0.0202 -0.9998 -0.0019
0.7422 87.7331 32.4161 0.4461 0.3423 0.0479 -0.9954 -0.0832
0.7422 37.5283 104.61 0.3053 0.4417 0.0654 -0.9912 -0.1147
5.4459 18.6928 101.66 0.311 0.479 0.1892 -0.9517 -0.2418
0.7422 37.5283 104.61 0.3053 0.4417 0.0654 -0.9912 -0.1147
0.7422 27.5536 124.795 0.2659 0.4614 0.796 -0.6041 0.0392
5.4459 12.6503 118.827 0.2775 0.4909 0.1364 -0.9282 -0.3462
0.7422 27.5536 124.795 0.2659 0.4614 0.796 -0.6041 0.0392
-1.8848 27.5536 124.795 0.2659 0.4614 0.8 0.5989 0.0359
-6.5885 12.6503 118.827 0.2775 0.4909 0.1397 0.93 -0.34
-1.8848 27.5536 124.795 0.2659 0.4614 0.8 0.5989 0.0359
-1.8848 37.5283 104.61 0.3053 0.4417 0.0697 0.9904 -0.1195
-6.5885 18.6928 101.66 0.311 0.479 0.1843 0.954 -0.2363
-1.8848 37.5283 104.61 0.3053 0.4417 0.0697 0.9904 -0.1195
-1.8848 87.7331 32.4161 0.4461 0.3423 0.0468 0.9953 -0.0853
-6.5885 65.0076 25.8413 0.459 0.3873 0.2303 0.8722 -0.4316
-6.5885 65.0076 25.8413 0.459 0.3873 0.2303 0.8722 -0.4316
-1.8848 87.7331 32.4161 0.4461 0.3423 0.0468 0.9953 -0.0853
-1.8848 99.8019 8.1477 0.4935 0.3184 0.0418 0.9952 -0.0883
-1.8848 118.471 -33.8336 0.5754 0.2815 0.0236 0.996 -0.0865
-1.8848 121.311 -96.3561 0.6974 0.2759 -0.2379 0.6195 -0.7481
-6.5885 98.3528 -108.926 0.7219 0.3213 -0.07 0.8974 -0.4357
-1.8848 121.311 -96.3561 0.6974 0.2759 -0.2379 0.6195 -0.7481
-1.8848 111.251 -119.024 0.7416 0.2958 -0.3086 0.5833 -0.7514
-6.5885 94.2182 -136.06 0.7775 0.3282 -0.085 0.8737 -0.479
-1.8848 104.683 -133.824 0.7705 0.3088 -0.3897 0.4843 -0.7833
0.7422 104.683 -133.824 0.7681 0.2962 -0.3897 -0.4843 -0.7833
5.4459 91.5187 -153.776 0.8271 0.343 -0.5335 -0.4856 -0.6925
5.4459 91.5187 -153.776 0.823 0.3469 -0.5335 -0.4856 -0.6925
0.7422 104.683 -133.824 0.7705 0.3088 -0.3897 -0.4843 -0.7833
0.7422 111.251 -119.024 0.7416 0.2958 -0.3086 -0.5833 -0.7514
0.7422 121.311 -96.3561 0.6974 0.2759 -0.2354 -0.6224 -0.7465
0.7422 118.471 -33.8336 0.5754 0.2815 0.0223 -0.9961 -0.0859
5.4459 98.6572 -48.2435 0.6035 0.3207 0.0743 -0.9088 -0.4106
5.4459 98.6572 -48.2435 0.6035 0.3207 0.0743 -0.9088 -0.4106
0.7422 118.471 -33.8336 0.5754 0.2815 0.0223 -0.9961 -0.0859
0.7422 99.8019 8.1477 0.4935 0.3184 0.0418 -0.9952 -0.0883
-1.8848 136.719 -39.916 0.5873 0.2454 -0.1443 0.6928 -0.7066
0.7421 136.719 -39.916 0.5873 0.2454 -0.1443 -0.6928 -0.7066
0.7422 121.311 -96.3561 0.6974 0.2759 -0.2354 -0.6224 -0.7465
0.7421 136.719 -39.916 0.5873 0.2454 -0.1443 -0.6928 -0.7066
0.7421 143.775 11.5455 0.4869 0.2314 -0.0571 -0.6945 -0.7172
0.7422 118.471 -33.8336 0.5754 0.2815 0.0223 -0.9961 -0.0859
0.7422 118.471 -33.8336 0.5754 0.2815 0.0223 -0.9961 -0.0859
0.7421 143.775 11.5455 0.4869 0.2314 -0.0571 -0.6945 -0.7172
0.7421 130.701 36.1794 0.4388 0.2573 0 -1 -0
0.7421 117.627 60.8132 0.3907 0.2831 0 -1 -0
0.7421 90.2398 115.73 0.2836 0.3373 0.6958 -0.6949 -0.1817
0.7422 37.5283 104.61 0.3053 0.4417 0.0654 -0.9912 -0.1147
0.7421 90.2398 115.73 0.2836 0.3373 0.6958 -0.6949 -0.1817
0.7421 56.0898 122.66 0.27 0.4049 0.7139 -0.6933 -0.0987
0.7422 27.5536 124.795 0.2659 0.4614 0.796 -0.6041 0.0392
0.7421 56.0898 122.66 0.27 0.4049 0.7139 -0.6933 -0.0987
-1.8848 56.0898 122.66 0.27 0.4049 0.7139 0.6933 -0.0987
-1.8848 27.5536 124.795 0.2659 0.4614 0.8 0.5989 0.0359
-1.8848 56.0898 122.66 0.27 0.4049 0.7139 0.6933 -0.0987
-1.8848 90.2398 115.73 0.2836 0.3373 0.6958 0.6949 -0.1817
-1.8848 37.5283 104.61 0.3053 0.4417 0.0697 0.9904 -0.1195
-1.8848 90.2398 115.73 0.2836 0.3373 0.6958 0.6949 -0.1817
-1.8848 117.627 60.8132 0.3907 0.2831 -0 1 0
-1.8848 87.7331 32.4161 0.4461 0.3423 0.0468 0.9953 -0.0853
-1.8848 117.627 60.8132 0.3907 0.2831 -0 1 0
-1.8848 130.701 36.1794 0.4388 0.2573 -0 1 0
-1.8848 99.8019 8.1477 0.4935 0.3184 0.0418 0.9952 -0.0883
-1.8848 143.775 11.5455 0.4869 0.2314 -0.0571 0.6945 -0.7172
-1.8848 136.719 -39.916 0.5873 0.2454 -0.1443 0.6928 -0.7066
-1.8848 121.311 -96.3561 0.6974 0.2759 -0.2379 0.6195 -0.7481
-1.8849 144.633 49.4476 0.4129 0.2297 0.1475 0.661 -0.7357
0.7421 144.633 49.4476 0.4129 0.2297 0.1475 -0.661 -0.7357
0.7421 143.775 11.5455 0.4869 0.2314 -0.0571 -0.6945 -0.7172
0.7421 143.775 11.5455 0.4869 0.2314 -0.0571 -0.6945 -0.7172
0.7421 144.633 49.4476 0.4129 0.2297 0.1475 -0.661 -0.7357
0.7421 138.328 63.6296 0.3852 0.2422 0.2873 -0.7071 -0.6461
0.7421 132.023 77.8116 0.3575 0.2547 0.3714 -0.6823 -0.6297
0.7421 107.555 110.171 0.2944 0.3031 0.6232 -0.6451 -0.4421
0.7421 90.2398 115.73 0.2836 0.3373 0.6958 -0.6949 -0.1817
0.7421 107.555 110.171 0.2944 0.3031 0.6232 -0.6451 -0.4421
-1.8849 107.555 110.171 0.2944 0.3031 0.6232 0.6451 -0.4421
-1.8848 90.2398 115.73 0.2836 0.3373 0.6958 0.6949 -0.1817
-1.8849 107.555 110.171 0.2944 0.3031 0.6232 0.6451 -0.4421
-1.8849 132.023 77.8116 0.3575 0.2547 0.3714 0.6823 -0.6297
-1.8848 117.627 60.8132 0.3907 0.2831 -0 1 0
-1.8849 132.023 77.8116 0.3575 0.2547 0.3714 0.6823 -0.6297
-1.8849 138.328 63.6296 0.3852 0.2422 0.2873 0.7071 -0.6461
-1.8848 130.701 36.1794 0.4388 0.2573 -0 1 0
32.9362 -60.6865 -17.1681 0.5429 0.6361 0.1069 -0.8517 0.5131
5.4459 -93.9158 -29.5148 0.567 0.7018 0.0284 -0.9073 0.4196
5.4459 -92.0529 -62.9944 0.6323 0.6981 -0.0596 -0.6115 0.789
47.8795 -18.5265 -13.3211 0.5354 0.5526 0.1524 -0.9754 0.1595
32.9362 -60.6865 -17.1681 0.5429 0.6361 0.1069 -0.8517 0.5131
37.9147 -60.6895 -58.8282 0.6242 0.6361 0.0298 -0.836 0.548
47.8795 -18.5265 -13.3211 0.5354 0.5526 0.1524 -0.9754 0.1595
55.0877 -18.526 -57.4443 0.6215 0.5526 0.0701 -0.9822 0.1745
53.8015 19.4864 -54.9878 0.6167 0.4774 0.0765 -0.9743 -0.2117
30.7419 55.9187 -9.1144 0.5272 0.4053 0.2226 -0.8037 -0.5518
46.7623 18.0901 -10.0105 0.5289 0.4801 0.1647 -0.9653 -0.2027
53.8015 19.4864 -54.9878 0.6167 0.4774 0.0765 -0.9743 -0.2117
-34.0432 -60.6459 -17.1706 0.5429 0.636 0.1068 0.8517 0.513
-39.0242 -60.6429 -58.8312 0.6242 0.636 0.0298 0.836 0.5479
-6.5885 -92.0529 -62.9944 0.6323 0.6981 -0.0762 0.6017 0.7951
-49.0253 -18.533 -13.3146 0.5354 0.5526 0.1522 0.9753 0.1601
-56.2265 -18.5335 -57.4368 0.6215 0.5526 0.07 0.9821 0.175
-39.0242 -60.6429 -58.8312 0.6242 0.636 0.0298 0.836 0.5479
-49.0253 -18.533 -13.3146 0.5354 0.5526 0.1522 0.9753 0.1601
-47.9063 18.0806 -10.0094 0.5289 0.4802 0.1647 0.9653 -0.2027
-54.9439 19.4755 -54.9866 0.6167 0.4774 0.0764 0.9744 -0.2116
-31.8846 55.9183 -9.1144 0.5272 0.4053 0.2226 0.8037 -0.5518
-35.9475 64.1586 -53.0332 0.6129 0.389 0.0993 0.8429 -0.5288
-54.9439 19.4755 -54.9866 0.6167 0.4774 0.0764 0.9744 -0.2116
0.7422 -144.633 83.8419 0.3458 0.8022 0.1595 -0.6531 0.7403
-1.8848 -144.633 83.8419 0.3458 0.8022 0.1595 0.6531 0.7403
-1.8848 -141.874 28.9485 0.4529 0.7967 -0.1484 0.6745 0.7232
0.7421 138.328 63.6296 0.3852 0.2422 0.2873 -0.7071 -0.6461
-1.8849 138.328 63.6296 0.3852 0.2422 0.2873 0.7071 -0.6461
-1.8849 132.023 77.8116 0.3575 0.2547 0.3714 0.6823 -0.6297
30.7419 55.9187 -9.1144 0.5272 0.4053 0.2226 -0.8037 -0.5518
34.805 64.1591 -53.0332 0.6129 0.389 0.0994 -0.8429 -0.5289
5.4459 98.6572 -48.2435 0.6035 0.3207 0.0743 -0.9088 -0.4106
-6.5885 80.0927 -4.911 0.519 0.3574 0.1827 0.8834 -0.4315
-31.8846 55.9183 -9.1144 0.5272 0.4053 0.2226 0.8037 -0.5518
-27.8217 40.6849 31.0941 0.4487 0.4354 0.3491 0.7578 -0.5512
-1.8848 99.8019 8.1477 0.4935 0.3184 0.0418 0.9952 -0.0883
-1.8848 118.471 -33.8336 0.5754 0.2815 0.0236 0.996 -0.0865
-6.5885 98.6572 -48.2435 0.6035 0.3207 0.0776 0.9104 -0.4064
0.7422 99.8019 8.1477 0.4935 0.3184 0.0418 -0.9952 -0.0883
0.7422 87.7331 32.4161 0.4461 0.3423 0.0479 -0.9954 -0.0832
5.4459 65.0076 25.8413 0.459 0.3873 0.2345 -0.8708 -0.432
0.7422 99.8019 8.1477 0.4935 0.3184 0.0418 -0.9952 -0.0883
0.7421 130.701 36.1794 0.4388 0.2573 0 -1 -0
0.7421 117.627 60.8132 0.3907 0.2831 0 -1 -0
-1.8848 130.701 36.1794 0.4388 0.2573 -0 1 0
-1.8848 143.775 11.5455 0.4869 0.2314 -0.0571 0.6945 -0.7172
-1.8848 118.471 -33.8336 0.5754 0.2815 0.0236 0.996 -0.0865
0.7421 130.701 36.1794 0.4388 0.2573 0 -1 -0
0.7421 138.328 63.6296 0.3852 0.2422 0.2873 -0.7071 -0.6461
0.7421 132.023 77.8116 0.3575 0.2547 0.3714 -0.6823 -0.6297
-1.8849 138.328 63.6296 0.3852 0.2422 0.2873 0.7071 -0.6461
-1.8849 144.633 49.4476 0.4129 0.2297 0.1475 0.661 -0.7357
-1.8848 143.775 11.5455 0.4869 0.2314 -0.0571 0.6945 -0.7172
0.7422 -55.5845 112.256 0.2903 0.626 0.0748 -0.9967 0.0302
0.7422 -85.4021 103.518 0.3074 0.685 0.0309 -0.9991 0.0284
5.4459 -63.825 57.939 0.3963 0.6423 0.2505 -0.8976 0.3628
0.7422 -85.4021 103.518 0.3074 0.685 0.0309 -0.9991 0.0284
0.7422 -106.301 58.5703 0.3951 0.7263 0.0244 -0.9981 0.0564
5.4459 -86.9053 16.4456 0.4773 0.6879 0.1107 -0.9089 0.4021
0.7422 -106.301 58.5703 0.3951 0.7263 0.0244 -0.9981 0.0564
0.7422 -118.575 9.4339 0.491 0.7506 0.0142 -0.9971 0.0745
5.4459 -93.9158 -29.5148 0.567 0.7018 0.0284 -0.9073 0.4196
0.7422 -118.575 9.4339 0.491 0.7506 0.0142 -0.9971 0.0745
0.7422 -123.445 -20.8264 0.55 0.7603 -0.3338 -0.628 0.703
5.4459 -92.0529 -62.9944 0.6323 0.6981 -0.0596 -0.6115 0.789
0.7422 -123.445 -20.8264 0.55 0.7603 -0.3338 -0.628 0.703
-1.8848 -123.445 -20.8264 0.55 0.7603 -0.3338 0.628 0.703
-6.5885 -92.0529 -62.9944 0.6323 0.6981 -0.0762 0.6017 0.7951
-1.8848 -118.575 9.4339 0.491 0.7506 0.0154 0.9976 0.0678
-6.5885 -93.9158 -29.5148 0.567 0.7018 0.0294 0.9074 0.4192
-6.5885 -92.0529 -62.9944 0.6323 0.6981 -0.0762 0.6017 0.7951
-1.8848 -118.575 9.4339 0.491 0.7506 0.0154 0.9976 0.0678
-1.8848 -106.301 58.5703 0.3951 0.7263 0.0235 0.9979 0.0601
-6.5885 -86.9053 16.4456 0.4773 0.6879 0.1078 0.9051 0.4112
-1.8848 -106.301 58.5703 0.3951 0.7263 0.0235 0.9979 0.0601
-1.8848 -85.4021 103.518 0.3074 0.685 0.0281 0.9994 0.0213
-6.5885 -63.825 57.939 0.3963 0.6423 0.2563 0.8979 0.3579
-1.8848 -85.4021 103.518 0.3074 0.685 0.0281 0.9994 0.0213
-1.8848 -55.5845 112.256 0.2903 0.626 0.0563 0.9982 0.0195
-6.5885 -45.7392 81.1164 0.3511 0.6065 0.2753 0.9263 0.2574
-1.8848 -55.5845 112.256 0.2903 0.626 0.0563 0.9982 0.0195
-1.8848 -22.5037 117.237 0.2806 0.5605 0.2684 0.6201 -0.7372
-6.5885 -22.5386 102.722 0.3089 0.5606 0.3311 0.9039 0.2709
-1.8848 -22.5037 117.237 0.2806 0.5605 0.2684 0.6201 -0.7372
0.7422 -22.5037 117.237 0.2806 0.5605 0.2952 -0.5971 -0.7459
5.4459 -22.5386 102.722 0.3089 0.5606 0.3021 -0.9318 0.2013
0.7422 -22.5037 117.237 0.2806 0.5605 0.2952 -0.5971 -0.7459
0.7422 -55.5845 112.256 0.2903 0.626 0.0748 -0.9967 0.0302
5.4459 -45.7392 81.1164 0.3511 0.6065 0.2588 -0.9359 0.2392
0.7422 -61.8427 132.72 0.2504 0.6383 0.7255 -0.6878 0.0241
0.7422 -97.5971 128.358 0.2589 0.7091 0.7098 -0.6688 0.2213
0.7422 -85.4021 103.518 0.3074 0.685 0.0309 -0.9991 0.0284
0.7422 -97.5971 128.358 0.2589 0.7091 0.7098 -0.6688 0.2213
0.7422 -130.667 111.017 0.2928 0.7746 0.5381 -0.6451 0.5425
0.7422 -106.301 58.5703 0.3951 0.7263 0.0244 -0.9981 0.0564
0.7422 -130.667 111.017 0.2928 0.7746 0.5381 -0.6451 0.5425
0.7422 -144.633 83.8419 0.3458 0.8022 0.1595 -0.6531 0.7403
0.7422 -118.575 9.4339 0.491 0.7506 0.0142 -0.9971 0.0745
0.7422 -144.633 83.8419 0.3458 0.8022 0.1595 -0.6531 0.7403
0.7422 -141.874 28.9485 0.4529 0.7967 -0.1484 -0.6745 0.7232
0.7422 -123.445 -20.8264 0.55 0.7603 -0.3338 -0.628 0.703
0.7422 -141.874 28.9485 0.4529 0.7967 -0.1484 -0.6745 0.7232
-1.8848 -141.874 28.9485 0.4529 0.7967 -0.1484 0.6745 0.7232
-1.8848 -123.445 -20.8264 0.55 0.7603 -0.3338 0.628 0.703
-1.8848 -141.874 28.9485 0.4529 0.7967 -0.1484 0.6745 0.7232
-1.8848 -144.633 83.8419 0.3458 0.8022 0.1595 0.6531 0.7403
-1.8848 -118.575 9.4339 0.491 0.7506 0.0154 0.9976 0.0678
-1.8848 -144.633 83.8419 0.3458 0.8022 0.1595 0.6531 0.7403
-1.8848 -130.667 111.017 0.2928 0.7746 0.5381 0.6451 0.5425
-1.8848 -106.301 58.5703 0.3951 0.7263 0.0235 0.9979 0.0601
-1.8848 -130.667 111.017 0.2928 0.7746 0.5381 0.6451 0.5425
-1.8848 -97.5971 128.358 0.2589 0.7091 0.7098 0.6688 0.2213
-1.8848 -85.4021 103.518 0.3074 0.685 0.0281 0.9994 0.0213
-1.8848 -97.5971 128.358 0.2589 0.7091 0.7098 0.6688 0.2213
-1.8848 -61.8427 132.72 0.2504 0.6383 0.7255 0.6878 0.0241
-1.8848 -55.5845 112.256 0.2903 0.626 0.0563 0.9982 0.0195
-1.8848 -61.8427 132.72 0.2504 0.6383 0.7255 0.6878 0.0241
-1.8848 -30.8749 131.014 0.2537 0.5771 0.6759 0.6157 -0.4051
-1.8848 -22.5037 117.237 0.2806 0.5605 0.2684 0.6201 -0.7372
-1.8848 -30.8749 131.014 0.2537 0.5771 0.6759 0.6157 -0.4051
0.7422 -30.8749 131.014 0.2537 0.5771 0.6759 -0.6157 -0.4051
0.7422 -22.5037 117.237 0.2806 0.5605 0.2952 -0.5971 -0.7459
0.7422 -30.8749 131.014 0.2537 0.5771 0.6759 -0.6157 -0.4051
0.7422 -61.8427 132.72 0.2504 0.6383 0.7255 -0.6878 0.0241
0.7422 -55.5845 112.256 0.2903 0.626 0.0748 -0.9967 0.0302
-1.8848 -96.9057 -101.702 0.7078 0.7077 -0.2351 0.5066 0.8295
-1.8848 -95.1215 -62.6878 0.6317 0.7042 0.6569 0.7484 -0.0917
-6.5885 -92.0529 -62.9944 0.6323 0.6981 -0.0762 0.6017 0.7951
-1.8848 -95.1215 -62.6878 0.6317 0.7042 0.6569 0.7484 -0.0917
0.7422 -95.1215 -62.6878 0.6317 0.7042 0.6741 -0.7338 -0.0842
5.4459 -92.0529 -62.9944 0.6323 0.6981 -0.0596 -0.6115 0.789
0.7422 -95.1215 -62.6878 0.6317 0.7042 0.6741 -0.7338 -0.0842
0.7422 -96.9057 -101.702 0.7078 0.7077 -0.2488 -0.4623 0.8511
5.4459 -90.0074 -119.023 0.7416 0.6941 -0.2992 -0.4136 0.8599
0.7422 -96.9057 -101.702 0.7078 0.7077 -0.2488 -0.4623 0.8511
-1.8848 -96.9057 -101.702 0.7078 0.7077 -0.2351 0.5066 0.8295
-6.5885 -90.0074 -119.023 0.7416 0.6941 -0.2982 0.4162 0.859
-1.8848 -106.604 -80.9402 0.6673 0.7269 -0.2841 0.701 0.6541
-1.8848 -99.261 -53.266 0.6133 0.7124 0.3785 0.6795 -0.6285
-1.8848 -95.1215 -62.6878 0.6317 0.7042 0.6569 0.7484 -0.0917
-1.8848 -99.261 -53.266 0.6133 0.7124 0.3785 0.6795 -0.6285
0.7422 -99.261 -53.266 0.6133 0.7124 0.3785 -0.6795 -0.6285
0.7422 -95.1215 -62.6878 0.6317 0.7042 0.6741 -0.7338 -0.0842
0.7422 -99.261 -53.266 0.6133 0.7124 0.3785 -0.6795 -0.6285
0.7422 -106.604 -80.9402 0.6673 0.7269 -0.2841 -0.701 0.6541
0.7422 -96.9057 -101.702 0.7078 0.7077 -0.2488 -0.4623 0.8511
0.7422 -106.604 -80.9402 0.6673 0.7269 -0.2841 -0.701 0.6541
-1.8848 -106.604 -80.9402 0.6673 0.7269 -0.2841 0.701 0.6541
-1.8848 -96.9057 -101.702 0.7078 0.7077 -0.2351 0.5066 0.8295
-1.8848 -116.423 -56.5317 0.6197 0.7464 -0.2269 0.6934 0.6839
-1.8848 -109.147 -40.7886 0.589 0.732 0.5029 0.6866 -0.525
-1.8848 -99.261 -53.266 0.6133 0.7124 0.3785 0.6795 -0.6285
-1.8848 -109.147 -40.7886 0.589 0.732 0.5029 0.6866 -0.525
0.7422 -109.147 -40.7886 0.589 0.732 0.5029 -0.6866 -0.525
0.7422 -99.261 -53.266 0.6133 0.7124 0.3785 -0.6795 -0.6285
0.7422 -109.147 -40.7886 0.589 0.732 0.5029 -0.6866 -0.525
0.7422 -116.423 -56.5317 0.6197 0.7464 -0.2269 -0.6934 0.6839
0.7422 -106.604 -80.9402 0.6673 0.7269 -0.2841 -0.701 0.6541
0.7422 -116.423 -56.5317 0.6197 0.7464 -0.2269 -0.6934 0.6839
-1.8848 -116.423 -56.5317 0.6197 0.7464 -0.2269 0.6934 0.6839
-1.8848 -106.604 -80.9402 0.6673 0.7269 -0.2841 0.701 0.6541
-1.8848 -121.518 -37.2395 0.582 0.7565 0.2423 0.6039 0.7594
-1.8848 -117.308 -33.7295 0.5752 0.7481 0.81 0.5864 -0.0074
-1.8848 -109.147 -40.7886 0.589 0.732 0.5029 0.6866 -0.525
-1.8848 -117.308 -33.7295 0.5752 0.7481 0.81 0.5864 -0.0074
0.7422 -117.308 -33.7295 0.5752 0.7481 0.81 -0.5864 -0.0074
0.7422 -109.147 -40.7886 0.589 0.732 0.5029 -0.6866 -0.525
0.7422 -117.308 -33.7295 0.5752 0.7481 0.81 -0.5864 -0.0074
0.7422 -121.518 -37.2395 0.582 0.7565 0.2423 -0.6039 0.7594
0.7422 -116.423 -56.5317 0.6197 0.7464 -0.2269 -0.6934 0.6839
0.7422 -121.518 -37.2395 0.582 0.7565 0.2423 -0.6039 0.7594
-1.8848 -121.518 -37.2395 0.582 0.7565 0.2423 0.6039 0.7594
-1.8848 -116.423 -56.5317 0.6197 0.7464 -0.2269 0.6934 0.6839
0.7422 111.251 -119.024 0.7137 0.2685 -0.3086 -0.5833 -0.7514
-1.8848 111.251 -119.024 0.7416 0.2958 -0.3086 0.5833 -0.7514
-1.8848 121.311 -96.3561 0.6974 0.2759 -0.2379 0.6195 -0.7481
33.3705 -55.9115 -128.495 0.7601 0.6266 -0.1317 -0.7972 0.5891
5.4459 -82.3359 -134.531 0.7719 0.6789 -0.4007 -0.3548 0.8447
5.4459 -77.3273 -144.656 0.7916 0.669 -0.4696 -0.3132 0.8255
37.7511 -45.1627 -138.029 0.7787 0.6053 -0.1354 -0.9611 0.2409
38.0538 -35.8219 -149.934 0.8019 0.5868 -0.5456 -0.8009 0.2467
40.0887 15.6162 -148.159 0.7985 0.485 -0.3921 -0.9103 -0.1323
5.4459 94.2182 -136.06 0.7775 0.3282 -0.085 -0.8737 -0.479
30.0156 58.3639 -129.716 0.7625 0.4004 -0.1998 -0.879 -0.433
26.8886 54.2419 -150.351 0.8028 0.4086 -0.3686 -0.8589 -0.3555
-33.7927 -55.8708 -128.497 0.7601 0.6265 -0.1338 0.7986 0.5868
-39.3264 -49.9418 -142.248 0.7869 0.6148 -0.4564 0.6981 0.5517
-6.5885 -77.3273 -144.656 0.7916 0.669 -0.4689 0.3171 0.8244
-38.3224 -45.1627 -138.029 0.7787 0.6053 -0.1456 0.9574 0.2495
-46.6467 16.2908 -127.08 0.7573 0.4837 -0.2411 0.9616 -0.1308
-41.2296 15.608 -148.158 0.7985 0.4851 -0.3914 0.9117 -0.1251
-46.6467 16.2908 -127.08 0.7573 0.4837 -0.2411 0.9616 -0.1308
-31.1582 58.3635 -129.716 0.7625 0.4004 -0.1998 0.879 -0.4329
-28.0312 54.2415 -150.351 0.8028 0.4086 -0.3686 0.8589 -0.3555
5.4459 -82.3359 -134.531 0.7719 0.6789 -0.4007 -0.3548 0.8447
-6.5885 -82.3359 -134.531 0.7719 0.6789 -0.399 0.3606 0.8431
-6.5885 -77.3273 -144.656 0.7916 0.669 -0.4689 0.3171 0.8244
30.0156 58.3639 -129.716 0.7625 0.4004 -0.1998 -0.879 -0.433
34.805 64.6773 -98.1113 0.7008 0.3879 -0.1096 -0.8549 -0.5072
53.8018 17.3477 -94.7981 0.6944 0.4816 -0.143 -0.9728 -0.1821
-6.5885 94.2182 -136.06 0.7775 0.3282 -0.085 0.8737 -0.479
-31.1582 58.3635 -129.716 0.7625 0.4004 -0.1998 0.879 -0.4329
-35.9475 64.6768 -98.1113 0.7008 0.3879 -0.1096 0.8549 -0.5071
-1.8848 111.251 -119.024 0.7416 0.2958 -0.3086 0.5833 -0.7514
-1.8848 104.683 -133.824 0.7705 0.3088 -0.3897 0.4843 -0.7833
-6.5885 91.5187 -153.776 0.823 0.3469 -0.5335 0.4856 -0.6925
5.4459 94.2182 -136.06 0.7775 0.3282 -0.085 -0.8737 -0.479
0.7422 111.251 -119.024 0.7416 0.2958 -0.3086 -0.5833 -0.7514
0.7422 121.311 -96.3561 0.6974 0.2759 -0.2354 -0.6224 -0.7465
